camera_topic: "/airsim_node/car_1/front_center_custom/Scene"
intrinsic_parameters: [1332.8958740234375, 0.0, 320.0, 0.0, 1332.8958740234375, 240.0, 0.0, 0.0, 1.0]
distortion_coefficients: [-0.294977, 0.064122, -0.000527, -0.000041, 0.000000]